ATTRIBUTES:

Attribute #1:C:\Probestation\Probestation data\ElFys\ElFys_HFCV.ics
Attribute #2:Test
Attribute #3:dev1
Attribute #4:PASSED
SETUP:5V  08/23/2022  12:38:22
DATE:08/23/2022
TIME:12:38:22

CONDITIONS:

ID:		
UNIT:	CMH	
MODE: SWEEP	
START:	-5	
STOP:	0.1	
PNTS:	103	
STEP:	0.05

ID:		
UNIT:	CML	
MODE: CONST	
VALUE:	0

DATA:  5V  08/23/2022  12:38:22

BIAS	C	FREQUENCY	OSC_LEVEL
-5.00000000E+000	1.22399998E-011	1.00000000E+005	1.00000000E-002
-4.94999981E+000	1.20999998E-011	1.00000000E+005	1.00000000E-002
-4.89999962E+000	1.24000003E-011	1.00000000E+005	1.00000000E-002
-4.84999943E+000	1.25599999E-011	1.00000000E+005	1.00000000E-002
-4.79999924E+000	1.22300000E-011	1.00000000E+005	1.00000000E-002
-4.74999905E+000	1.25100000E-011	1.00000000E+005	1.00000000E-002
-4.69999886E+000	1.22899997E-011	1.00000000E+005	1.00000000E-002
-4.64999866E+000	1.25000002E-011	1.00000000E+005	1.00000000E-002
-4.59999847E+000	1.27400000E-011	1.00000000E+005	1.00000000E-002
-4.54999828E+000	1.28499997E-011	1.00000000E+005	1.00000000E-002
-4.49999809E+000	1.27499998E-011	1.00000000E+005	1.00000000E-002
-4.44999790E+000	1.29600003E-011	1.00000000E+005	1.00000000E-002
-4.39999771E+000	1.27800001E-011	1.00000000E+005	1.00000000E-002
-4.34999752E+000	1.33300003E-011	1.00000000E+005	1.00000000E-002
-4.29999733E+000	1.30200000E-011	1.00000000E+005	1.00000000E-002
-4.24999714E+000	1.31600000E-011	1.00000000E+005	1.00000000E-002
-4.19999695E+000	1.30200000E-011	1.00000000E+005	1.00000000E-002
-4.14999676E+000	1.34099997E-011	1.00000000E+005	1.00000000E-002
-4.09999657E+000	1.32099999E-011	1.00000000E+005	1.00000000E-002
-4.04999638E+000	1.35600003E-011	1.00000000E+005	1.00000000E-002
-3.99999642E+000	1.35100004E-011	1.00000000E+005	1.00000000E-002
-3.94999647E+000	1.35800000E-011	1.00000000E+005	1.00000000E-002
-3.89999652E+000	1.34700003E-011	1.00000000E+005	1.00000000E-002
-3.84999657E+000	1.37500003E-011	1.00000000E+005	1.00000000E-002
-3.79999661E+000	1.37699999E-011	1.00000000E+005	1.00000000E-002
-3.74999666E+000	1.41399999E-011	1.00000000E+005	1.00000000E-002
-3.69999671E+000	1.42499996E-011	1.00000000E+005	1.00000000E-002
-3.64999676E+000	1.42300000E-011	1.00000000E+005	1.00000000E-002
-3.59999681E+000	1.41399999E-011	1.00000000E+005	1.00000000E-002
-3.54999685E+000	1.42600003E-011	1.00000000E+005	1.00000000E-002
-3.49999690E+000	1.44400004E-011	1.00000000E+005	1.00000000E-002
-3.44999695E+000	1.45199998E-011	1.00000000E+005	1.00000000E-002
-3.39999700E+000	1.43500004E-011	1.00000000E+005	1.00000000E-002
-3.34999704E+000	1.46899992E-011	1.00000000E+005	1.00000000E-002
-3.29999709E+000	1.43899996E-011	1.00000000E+005	1.00000000E-002
-3.24999714E+000	1.48100004E-011	1.00000000E+005	1.00000000E-002
-3.19999719E+000	1.46600006E-011	1.00000000E+005	1.00000000E-002
-3.14999723E+000	1.47600005E-011	1.00000000E+005	1.00000000E-002
-3.09999728E+000	1.53299994E-011	1.00000000E+005	1.00000000E-002
-3.04999733E+000	1.52499992E-011	1.00000000E+005	1.00000000E-002
-2.99999738E+000	1.50799997E-011	1.00000000E+005	1.00000000E-002
-2.94999743E+000	1.56300008E-011	1.00000000E+005	1.00000000E-002
-2.89999747E+000	1.54000007E-011	1.00000000E+005	1.00000000E-002
-2.84999752E+000	1.54200003E-011	1.00000000E+005	1.00000000E-002
-2.79999757E+000	1.57699999E-011	1.00000000E+005	1.00000000E-002
-2.74999762E+000	1.57399996E-011	1.00000000E+005	1.00000000E-002
-2.69999766E+000	1.61199994E-011	1.00000000E+005	1.00000000E-002
-2.64999771E+000	1.59899993E-011	1.00000000E+005	1.00000000E-002
-2.59999776E+000	1.60800002E-011	1.00000000E+005	1.00000000E-002
-2.54999781E+000	1.66200005E-011	1.00000000E+005	1.00000000E-002
-2.49999785E+000	1.63700008E-011	1.00000000E+005	1.00000000E-002
-2.44999790E+000	1.63600002E-011	1.00000000E+005	1.00000000E-002
-2.39999795E+000	1.65799995E-011	1.00000000E+005	1.00000000E-002
-2.34999800E+000	1.70000004E-011	1.00000000E+005	1.00000000E-002
-2.29999804E+000	1.72899993E-011	1.00000000E+005	1.00000000E-002
-2.24999809E+000	1.72100008E-011	1.00000000E+005	1.00000000E-002
-2.19999814E+000	1.73000000E-011	1.00000000E+005	1.00000000E-002
-2.14999819E+000	1.72199997E-011	1.00000000E+005	1.00000000E-002
-2.09999824E+000	1.76999995E-011	1.00000000E+005	1.00000000E-002
-2.04999828E+000	1.80200004E-011	1.00000000E+005	1.00000000E-002
-1.99999833E+000	1.83599993E-011	1.00000000E+005	1.00000000E-002
-1.94999838E+000	1.82000005E-011	1.00000000E+005	1.00000000E-002
-1.89999843E+000	1.85600008E-011	1.00000000E+005	1.00000000E-002
-1.84999847E+000	1.88600004E-011	1.00000000E+005	1.00000000E-002
-1.79999852E+000	1.90999994E-011	1.00000000E+005	1.00000000E-002
-1.74999857E+000	1.94000007E-011	1.00000000E+005	1.00000000E-002
-1.69999862E+000	1.98000002E-011	1.00000000E+005	1.00000000E-002
-1.64999866E+000	2.02999995E-011	1.00000000E+005	1.00000000E-002
-1.59999871E+000	2.03999994E-011	1.00000000E+005	1.00000000E-002
-1.54999876E+000	2.05999991E-011	1.00000000E+005	1.00000000E-002
-1.49999881E+000	2.10000003E-011	1.00000000E+005	1.00000000E-002
-1.44999886E+000	2.13999998E-011	1.00000000E+005	1.00000000E-002
-1.39999890E+000	2.18999992E-011	1.00000000E+005	1.00000000E-002
-1.34999895E+000	2.18999992E-011	1.00000000E+005	1.00000000E-002
-1.29999900E+000	2.25000001E-011	1.00000000E+005	1.00000000E-002
-1.24999905E+000	2.22000005E-011	1.00000000E+005	1.00000000E-002
-1.19999909E+000	2.28999996E-011	1.00000000E+005	1.00000000E-002
-1.14999914E+000	2.34000007E-011	1.00000000E+005	1.00000000E-002
-1.09999919E+000	2.37000003E-011	1.00000000E+005	1.00000000E-002
-1.04999924E+000	2.37000003E-011	1.00000000E+005	1.00000000E-002
-9.99999225E-001	2.46000009E-011	1.00000000E+005	1.00000000E-002
-9.49999213E-001	2.50000003E-011	1.00000000E+005	1.00000000E-002
-8.99999201E-001	2.52999999E-011	1.00000000E+005	1.00000000E-002
-8.49999189E-001	2.60000008E-011	1.00000000E+005	1.00000000E-002
-7.99999177E-001	2.66000000E-011	1.00000000E+005	1.00000000E-002
-7.49999166E-001	2.68999996E-011	1.00000000E+005	1.00000000E-002
-6.99999154E-001	2.76000004E-011	1.00000000E+005	1.00000000E-002
-6.49999142E-001	2.84999992E-011	1.00000000E+005	1.00000000E-002
-5.99999130E-001	2.91000002E-011	1.00000000E+005	1.00000000E-002
-5.49999118E-001	2.96999994E-011	1.00000000E+005	1.00000000E-002
-4.99999106E-001	3.03999985E-011	1.00000000E+005	1.00000000E-002
-4.49999094E-001	3.14000007E-011	1.00000000E+005	1.00000000E-002
-3.99999082E-001	3.22999995E-011	1.00000000E+005	1.00000000E-002
-3.49999070E-001	3.31999983E-011	1.00000000E+005	1.00000000E-002
-2.99999058E-001	3.47999997E-011	1.00000000E+005	1.00000000E-002
-2.49999061E-001	3.62000013E-011	1.00000000E+005	1.00000000E-002
-1.99999064E-001	3.75999995E-011	1.00000000E+005	1.00000000E-002
-1.49999067E-001	3.95000005E-011	1.00000000E+005	1.00000000E-002
-9.99990702E-002	4.15000014E-011	1.00000000E+005	1.00000000E-002
-4.99990694E-002	4.43000012E-011	1.00000000E+005	1.00000000E-002
9.31322575E-007	4.76000003E-011	1.00000000E+005	1.00000000E-002
5.00009321E-002	5.13999988E-011	1.00000000E+005	1.00000000E-002
1.00000933E-001	5.79000008E-011	1.00000000E+005	1.00000000E-002

TEST RESULTS:  5V  08/23/2022  12:38:22


SETUP:35V  08/23/2022  12:40:40
DATE:08/23/2022
TIME:12:40:40

CONDITIONS:

ID:		
UNIT:	CMH	
MODE: SWEEP	
START:	-35	
STOP:	0	
PNTS:	71	
STEP:	0.5

ID:		
UNIT:	CML	
MODE: CONST	
VALUE:	0

DATA:  35V  08/23/2022  12:40:40

BIAS	C	FREQUENCY	OSC_LEVEL
-3.50000000E+001	4.97000011E-012	1.00000000E+005	1.00000000E-002
-3.45000000E+001	5.48000013E-012	1.00000000E+005	1.00000000E-002
-3.40000000E+001	5.53999988E-012	1.00000000E+005	1.00000000E-002
-3.35000000E+001	5.48000013E-012	1.00000000E+005	1.00000000E-002
-3.30000000E+001	5.85999999E-012	1.00000000E+005	1.00000000E-002
-3.25000000E+001	5.67000006E-012	1.00000000E+005	1.00000000E-002
-3.20000000E+001	5.78000018E-012	1.00000000E+005	1.00000000E-002
-3.15000000E+001	5.53999988E-012	1.00000000E+005	1.00000000E-002
-3.10000000E+001	5.25000009E-012	1.00000000E+005	1.00000000E-002
-3.05000000E+001	5.78000018E-012	1.00000000E+005	1.00000000E-002
-3.00000000E+001	5.51000001E-012	1.00000000E+005	1.00000000E-002
-2.95000000E+001	5.46999989E-012	1.00000000E+005	1.00000000E-002
-2.90000000E+001	5.81999986E-012	1.00000000E+005	1.00000000E-002
-2.85000000E+001	5.99999998E-012	1.00000000E+005	1.00000000E-002
-2.80000000E+001	5.78999999E-012	1.00000000E+005	1.00000000E-002
-2.75000000E+001	5.85999999E-012	1.00000000E+005	1.00000000E-002
-2.70000000E+001	5.74999987E-012	1.00000000E+005	1.00000000E-002
-2.65000000E+001	5.99000016E-012	1.00000000E+005	1.00000000E-002
-2.60000000E+001	6.04000010E-012	1.00000000E+005	1.00000000E-002
-2.55000000E+001	5.99000016E-012	1.00000000E+005	1.00000000E-002
-2.50000000E+001	6.09000003E-012	1.00000000E+005	1.00000000E-002
-2.45000000E+001	6.25999990E-012	1.00000000E+005	1.00000000E-002
-2.40000000E+001	5.99000016E-012	1.00000000E+005	1.00000000E-002
-2.35000000E+001	6.60000006E-012	1.00000000E+005	1.00000000E-002
-2.30000000E+001	6.46000007E-012	1.00000000E+005	1.00000000E-002
-2.25000000E+001	6.41000013E-012	1.00000000E+005	1.00000000E-002
-2.20000000E+001	6.32999989E-012	1.00000000E+005	1.00000000E-002
-2.15000000E+001	6.51000000E-012	1.00000000E+005	1.00000000E-002
-2.10000000E+001	6.55999994E-012	1.00000000E+005	1.00000000E-002
-2.05000000E+001	6.64000018E-012	1.00000000E+005	1.00000000E-002
-2.00000000E+001	6.85999998E-012	1.00000000E+005	1.00000000E-002
-1.95000000E+001	6.60000006E-012	1.00000000E+005	1.00000000E-002
-1.90000000E+001	6.74000005E-012	1.00000000E+005	1.00000000E-002
-1.85000000E+001	7.08000021E-012	1.00000000E+005	1.00000000E-002
-1.80000000E+001	6.86999979E-012	1.00000000E+005	1.00000000E-002
-1.75000000E+001	6.99999997E-012	1.00000000E+005	1.00000000E-002
-1.70000000E+001	7.16000002E-012	1.00000000E+005	1.00000000E-002
-1.65000000E+001	7.11999990E-012	1.00000000E+005	1.00000000E-002
-1.60000000E+001	7.16999984E-012	1.00000000E+005	1.00000000E-002
-1.55000000E+001	7.75000029E-012	1.00000000E+005	1.00000000E-002
-1.50000000E+001	7.68999968E-012	1.00000000E+005	1.00000000E-002
-1.45000000E+001	7.67000005E-012	1.00000000E+005	1.00000000E-002
-1.40000000E+001	7.71000017E-012	1.00000000E+005	1.00000000E-002
-1.35000000E+001	8.07000040E-012	1.00000000E+005	1.00000000E-002
-1.30000000E+001	7.99000015E-012	1.00000000E+005	1.00000000E-002
-1.25000000E+001	7.82999967E-012	1.00000000E+005	1.00000000E-002
-1.20000000E+001	8.43999957E-012	1.00000000E+005	1.00000000E-002
-1.15000000E+001	8.38999963E-012	1.00000000E+005	1.00000000E-002
-1.10000000E+001	8.55999993E-012	1.00000000E+005	1.00000000E-002
-1.05000000E+001	8.72000042E-012	1.00000000E+005	1.00000000E-002
-1.00000000E+001	8.78000016E-012	1.00000000E+005	1.00000000E-002
-9.50000000E+000	9.07999977E-012	1.00000000E+005	1.00000000E-002
-9.00000000E+000	9.14000039E-012	1.00000000E+005	1.00000000E-002
-8.50000000E+000	9.48999993E-012	1.00000000E+005	1.00000000E-002
-8.00000000E+000	9.62999992E-012	1.00000000E+005	1.00000000E-002
-7.50000000E+000	1.00900000E-011	1.00000000E+005	1.00000000E-002
-7.00000000E+000	1.05500001E-011	1.00000000E+005	1.00000000E-002
-6.50000000E+000	1.07700003E-011	1.00000000E+005	1.00000000E-002
-6.00000000E+000	1.12099999E-011	1.00000000E+005	1.00000000E-002
-5.50000000E+000	1.19500000E-011	1.00000000E+005	1.00000000E-002
-5.00000000E+000	1.21399999E-011	1.00000000E+005	1.00000000E-002
-4.50000000E+000	1.26999999E-011	1.00000000E+005	1.00000000E-002
-4.00000000E+000	1.33599997E-011	1.00000000E+005	1.00000000E-002
-3.50000000E+000	1.43799998E-011	1.00000000E+005	1.00000000E-002
-3.00000000E+000	1.52599999E-011	1.00000000E+005	1.00000000E-002
-2.50000000E+000	1.67099997E-011	1.00000000E+005	1.00000000E-002
-2.00000000E+000	1.85399994E-011	1.00000000E+005	1.00000000E-002
-1.50000000E+000	2.13000000E-011	1.00000000E+005	1.00000000E-002
-1.00000000E+000	2.48000006E-011	1.00000000E+005	1.00000000E-002
-5.00000000E-001	3.08000014E-011	1.00000000E+005	1.00000000E-002
0.00000000E+000	4.76000003E-011	1.00000000E+005	1.00000000E-002

TEST RESULTS:  35V  08/23/2022  12:40:40


